v -0.6 -1.0 0.0
v -0.6 -0.6 0.0
v -0.6 0.6 0.0
v -0.6 1.0 0.0
v -0.2 -1.0 0.0
v -0.2 -0.6 0.0
v -0.2 0.6 0.0
v -0.2 1.0 0.0
v 0.2 -1.0 0.0
v 0.2 -0.6 0.0
v 0.2 0.6 0.0
v 0.2 1.0 0.0
v 0.6 -1.0 0.0
v 0.6 -0.6 0.0
v 0.6 0.6 0.0
v 0.6 1.0 0.0
v -0.6 -1.0 0.75
v -0.6 -0.6 0.75
v -0.6 0.6 0.75
v -0.6 1.0 0.75
v -0.2 -1.0 0.75
v -0.2 -0.6 0.75
v -0.2 0.6 0.75
v -0.2 1.0 0.75
v 0.2 -1.0 0.75
v 0.2 -0.6 0.75
v 0.2 0.6 0.75
v 0.2 1.0 0.75
v 0.6 -1.0 0.75
v 0.6 -0.6 0.75
v 0.6 0.6 0.75
v 0.6 1.0 0.75
f 7 10 11
f 6 9 10
f 5 8 9
f 3 6 7
f 1 4 5
f 9 12 13
f 11 14 15
f 22 25 26
f 21 24 25
f 19 22 23
f 17 20 21
f 25 28 29
f 27 30 31
f 23 26 27
f 3 18 19
f 1 16 17
f 12  29 28
f 14 31 30
f 2 22 18
f 1 21 17
f 9  29 25
f 10 30 26
f 3 31 19
f 0 28 16
f 6 21 22
f 10 25 26
f 7 6 10
f 6 5 9
f 5 4 8
f 3 2 6
f 1 0 4
f 9 8 12 
f 11 10 14
f 22 21 25
f 21 20 24
f 19 18 22
f 17 16 20
f 25 24 28
f 27 26 30
f 23 22 26
f 3 2 18
f 1 0 16
f 12 13 29
f 14 15 31
f 2 6 22
f 1 5 21
f 9 13 29
f 10 14 30
f 3 15 31
f 0 12 28
f 6 5 21
f 10 9 25