v -0.6 -1.0 0.0
v -0.6 -0.6 0.0
v -0.6 0.6 0.0
v -0.6 1.0 0.0
v -0.2 -1.0 0.0
v -0.2 -0.6 0.0
v -0.2 0.6 0.0
v -0.2 1.0 0.0
v 0.2 -1.0 0.0
v 0.2 -0.6 0.0
v 0.2 0.6 0.0
v 0.2 1.0 0.0
v 0.6 -1.0 0.0
v 0.6 -0.6 0.0
v 0.6 0.6 0.0
v 0.6 1.0 0.0
v -0.6 -1.0 0.75
v -0.6 -0.6 0.75
v -0.6 0.6 0.75
v -0.6 1.0 0.75
v -0.2 -1.0 0.75
v -0.2 -0.6 0.75
v -0.2 0.6 0.75
v -0.2 1.0 0.75
v 0.2 -1.0 0.75
v 0.2 -0.6 0.75
v 0.2 0.6 0.75
v 0.2 1.0 0.75
v 0.6 -1.0 0.75
v 0.6 -0.6 0.75
v 0.6 0.6 0.75
v 0.6 1.0 0.75
f 7 6 10 11
f 6 5 9 10
f 5 4 8 9
f 3 2 6 7
f 1 0 4 5
f 9 8 12 13
f 11 10 14 15
f 22 21 25 26
f 21 20 24 25
f 19 18 22 23
f 17 16 20 21
f 25 24 28 29
f 27 26 30 31
f 23 22 26 27
f 3 2 18 19
f 1 0 16 17
f 12 13 29 28
f 14 15 31 30
f 2 6 22 18
f 1 5 21 17
f 9 13 29 25
f 10 14 30 26
f 3 15 31 19
f 0 12 28 16
f 6 5 21 22
f 10 9 25 26